{
 "cells": [
  {
   "cell_type": "markdown",
   "metadata": {},
   "source": [
    "### Gaussian Mixture Model\n",
    "\n",
    "&nbsp;\n",
    "\n",
    "Gaussian Mixture Model is another form of unsupervised learning. Mathematically, it is somewhat similar to Gaussian Discriminant Analysis. In GDA, we can predict a new data point based upon p(y) and p(x|y=label) where p(y) is the prior probability of a data point belongs to one specific label and p(x|y=label) is the probability density function of Gaussian distribution under the label. The concept holds in GMM. \n",
    "\n",
    "From the perspective of GMM, the metadata consists of data points belong to different labels. Each label follows a multivariate Gaussian distribution with unique mean and covariance matrix. However, GMM is an unsupervised learning which indicates we do not have training dataset to compute p(y). p(y) is crucial to a follow-up computation of μ and Σ in Gaussian distribution, yet it remains a latent variable we do not observe. In order to estimate p(y), we need to take an initial guess and gradually converge to the optimal number throughout iterations. This is when the algorithm called Expectation-Maximization kicks in and saves the day.\n",
    "\n",
    "The material from Stanford university is the Bible of machine learning. It did an excellent job on the derivation of EM algorithm, but it didn’t cover much about the mathematics of Gaussian Mixture Model. I will recommend the following materials as a supplementary to the Bible.\n",
    "\n",
    "Detailed explanation on Gaussian Mixture Model\n",
    "\n",
    "https://towardsdatascience.com/gaussian-mixture-models-explained-6986aaf5a95\n",
    "\n",
    "Detailed notebook on EM algorithm and Jensen’s inequality\n",
    "\n",
    "http://krasserm.github.io/2019/11/21/latent-variable-models-part-1/\n",
    "\n",
    "Reference to Gaussian Discriminant Analysis\n",
    "\n",
    "https://github.com/je-suis-tm/machine-learning/blob/master/gaussian%20discriminant%20analysis.ipynb"
   ]
  },
  {
   "cell_type": "code",
   "execution_count": 1,
   "metadata": {},
   "outputs": [],
   "source": [
    "import matplotlib.pyplot as plt\n",
    "import numpy as np\n",
    "import sklearn.datasets\n",
    "import sklearn.mixture\n",
    "import sklearn.decomposition\n",
    "import pandas as pd"
   ]
  },
  {
   "cell_type": "code",
   "execution_count": 2,
   "metadata": {},
   "outputs": [],
   "source": [
    "#official sklearn gmm\n",
    "def skl_gmm(df,xcols,num_of_clusters,diagnosis=False):\n",
    "    \n",
    "    data=df.copy()\n",
    "    \n",
    "    clf=sklearn.mixture.GaussianMixture(num_of_clusters,\n",
    "                                        init_params='random')\n",
    "    clf.fit(data[xcols])\n",
    "    \n",
    "    if diagnosis:\n",
    "        print(f'{clf.n_iter_} iterations to reach convergence\\n')\n",
    "    \n",
    "    data['label']=np.argmax(clf.predict_proba(data[xcols]),axis=1)\n",
    "    \n",
    "    erreur=0\n",
    "\n",
    "    for i in data['label'].unique():\n",
    "        erreur+=get_accuracy(data,i)\n",
    "\n",
    "    accuracy=1-erreur/len(data)\n",
    "\n",
    "    if diagnosis:\n",
    "        print('\\naccuracy: %s'%(accuracy))\n",
    "\n",
    "    return clf.means_,clf.covariances_, \\\n",
    "clf.weights_,clf.predict_proba(data[xcols])"
   ]
  },
  {
   "cell_type": "code",
   "execution_count": 3,
   "metadata": {},
   "outputs": [],
   "source": [
    "#for unsupervised learning, clf.score doesnt return the accuracy\n",
    "#there is no cross validation, no known labels\n",
    "#the only way to detect the accuracy is vote of the majority\n",
    "#for each label given by DBSCAN\n",
    "#we check which iris type is the majority\n",
    "#we consider the majority as the correct classification\n",
    "#all we need to do is to count the minority\n",
    "def get_accuracy(df,class_):\n",
    "        \n",
    "    #use dictionary to keep track of everything\n",
    "    d={}\n",
    "    \n",
    "    #counting\n",
    "    for i in df['label'][df['y']==class_].unique():\n",
    "        d[i]=df['label'][df['y']==class_].tolist().count(i)\n",
    "    \n",
    "    #comparison\n",
    "    temp=-1\n",
    "    lbl=None\n",
    "    for i in d:\n",
    "        if d[i]>temp:\n",
    "            lbl=i\n",
    "            temp=d[i]\n",
    "\n",
    "    return len(df['label'][df['y']==class_][df['label']!=lbl])"
   ]
  },
  {
   "cell_type": "code",
   "execution_count": 4,
   "metadata": {},
   "outputs": [],
   "source": [
    "#initialize random miu, sigma and weight for each gaussian\n",
    "#you can use random number like i do\n",
    "#or use kmeans centroids which is more computation expensive\n",
    "def init_params(df,num_of_clusters):\n",
    "    \n",
    "    mean_vec=[];cov_mat=[];w_vec=[]\n",
    "\n",
    "    for _ in range(num_of_clusters):\n",
    "        mean_vec.append(\n",
    "            df.loc[np.random.choice(len(df),10)].mean().tolist())\n",
    "        cov_mat.append(np.diag([1]*len(df.columns)))\n",
    "        w_vec.append(1/num_of_clusters)\n",
    "    \n",
    "    return (mean_vec,cov_mat,w_vec)"
   ]
  },
  {
   "cell_type": "code",
   "execution_count": 5,
   "metadata": {},
   "outputs": [],
   "source": [
    "#pdf of multivariate gaussian\n",
    "#equivalent to scipy.stats.multivariate_normal(miu,sigma).pdf(X)\n",
    "def multivariate_gaussian(data,miu,sigma):\n",
    "    \n",
    "    numerator=np.exp(-0.5*(\n",
    "        np.mat(data)-miu)*np.linalg.inv(sigma)*(np.mat(data)-miu).T)\n",
    "\n",
    "    denominator=(2*np.pi)**(data.shape[1]/2)*np.linalg.det(sigma)**0.5\n",
    "\n",
    "    return np.diagonal(numerator/denominator)"
   ]
  },
  {
   "cell_type": "code",
   "execution_count": 6,
   "metadata": {},
   "outputs": [],
   "source": [
    "#e step\n",
    "#compute the posterior probability with given params\n",
    "def e_step(data,num_of_clusters,params):\n",
    "    \n",
    "    #unpack params\n",
    "    mean_vec,cov_mat,w_vec=params\n",
    "    \n",
    "    TEMP={}\n",
    "    posterior={}\n",
    "    \n",
    "    #Bayes rule\n",
    "    for i in range(num_of_clusters):        \n",
    "        \n",
    "        TEMP[i]=multivariate_gaussian(data,mean_vec[i],cov_mat[i])*w_vec[i]\n",
    "    \n",
    "    #compute posterior\n",
    "    for i in range(num_of_clusters):\n",
    "        \n",
    "        posterior[i]=TEMP[i]/np.sum([TEMP[i] for i in TEMP],axis=0)\n",
    "        \n",
    "    return posterior"
   ]
  },
  {
   "cell_type": "code",
   "execution_count": 7,
   "metadata": {},
   "outputs": [],
   "source": [
    "#m step\n",
    "#use posterior probability to update params\n",
    "def m_step(data,num_of_clusters,params,posterior):\n",
    "    \n",
    "    #unpack params\n",
    "    mean_vec,cov_mat,w_vec=params\n",
    "    \n",
    "    #solving lagrangian by partial derivatives\n",
    "    for i in range(num_of_clusters):\n",
    "\n",
    "        mean_vec[i]=np.sum(\n",
    "            np.multiply(\n",
    "                np.mat(data),\n",
    "                posterior[i].reshape(-1,1),),axis=0)/sum(posterior[i]).T\n",
    "        \n",
    "        cov_mat[i]=np.multiply(\n",
    "            posterior[i].reshape(-1,1),\n",
    "            (np.mat(data)-mean_vec[i])).T*(\n",
    "            np.mat(data)-mean_vec[i])/sum(posterior[i])\n",
    "        \n",
    "        w_vec[i]=posterior[i].mean()\n",
    "        \n",
    "    return (mean_vec,cov_mat,w_vec)"
   ]
  },
  {
   "cell_type": "code",
   "execution_count": 8,
   "metadata": {},
   "outputs": [],
   "source": [
    "#using jensens inequality to compute the lower bound\n",
    "#which is the function of the expectation\n",
    "def get_lower_bound(data,num_of_clusters,params,posterior):\n",
    "    \n",
    "    #unpack params\n",
    "    mean_vec,cov_mat,w_vec=params\n",
    "    \n",
    "    lowerbound=0\n",
    "\n",
    "    for i in range(num_of_clusters):\n",
    "\n",
    "        #log pdf of multivariate gaussian\n",
    "        logpdf=np.log(multivariate_gaussian(data,mean_vec[i],cov_mat[i]))\n",
    "        \n",
    "        #use bayes rules to decompose the numerator of the lower bound\n",
    "        lowerbound+=np.sum(\n",
    "            posterior[i]*(logpdf+np.log(w_vec[i])-np.log(posterior[i])))\n",
    "\n",
    "    return lowerbound"
   ]
  },
  {
   "cell_type": "code",
   "execution_count": 9,
   "metadata": {},
   "outputs": [],
   "source": [
    "#using mle for training\n",
    "def training(data,num_of_clusters,\n",
    "             tolerance=0.001,num_of_itr=50,diagnosis=False):\n",
    "    \n",
    "    #initialize\n",
    "    lower_bound_old=None\n",
    "    lower_bound=None\n",
    "    counter=0    \n",
    "    \n",
    "    #initial parameters\n",
    "    params=init_params(data,num_of_clusters)\n",
    "\n",
    "    #cap the maximum number of iterations\n",
    "    while counter<num_of_itr:\n",
    "        \n",
    "        try:\n",
    "            \n",
    "            #e step\n",
    "            posterior=e_step(data,num_of_clusters,params)\n",
    "            \n",
    "            #m step\n",
    "            params=m_step(data,num_of_clusters,params,posterior)\n",
    "            \n",
    "            #use lower bound to determine if converged\n",
    "            lower_bound_old=lower_bound\n",
    "            lower_bound=get_lower_bound(data,num_of_clusters,params,posterior)\n",
    "\n",
    "            if lower_bound_old and np.abs(lower_bound/lower_bound_old-1)<tolerance:\n",
    "                \n",
    "                if diagnosis:\n",
    "                    print(f'{counter} iterations to reach convergence\\n')\n",
    "                return params\n",
    "            \n",
    "            counter+=1\n",
    "        \n",
    "        #reboot everything when singular matrix is encountered\n",
    "        except np.linalg.LinAlgError:\n",
    "            \n",
    "            params=init_params(data,num_of_clusters)\n",
    "            lower_bound_old=None\n",
    "            lower_bound=None\n",
    "            counter=0\n",
    "    \n",
    "    if diagnosis:\n",
    "        print(f'{counter} iterations to reach convergence\\n')\n",
    "        \n",
    "    return params"
   ]
  },
  {
   "cell_type": "code",
   "execution_count": 10,
   "metadata": {},
   "outputs": [],
   "source": [
    "#the main function\n",
    "def gmm(df,xcols,num_of_clusters,\n",
    "        tolerance=0.001,num_of_itr=50,diagnosis=False):\n",
    "    \n",
    "    data=df.copy()\n",
    "    \n",
    "    #obtain parameters of gmm\n",
    "    params=training(data[xcols],num_of_clusters,\n",
    "                    tolerance,num_of_itr,diagnosis)\n",
    "    \n",
    "    #compute the prediction probability\n",
    "    posterior=e_step(data[xcols],num_of_clusters,params)\n",
    "    \n",
    "    #make forecast based upon probability\n",
    "    data['label']=np.argmax(\n",
    "          np.concatenate(\n",
    "              [posterior[i].reshape(-1,1) for i in posterior],axis=1),1)\n",
    "    \n",
    "    #compute accuracy\n",
    "    erreur=0\n",
    "\n",
    "    for i in data['label'].unique():\n",
    "        erreur+=get_accuracy(data,i)\n",
    "\n",
    "    accuracy=1-erreur/len(df)\n",
    "    \n",
    "    if diagnosis:\n",
    "        print('\\naccuracy: %s'%(accuracy))\n",
    "    \n",
    "    return params,posterior"
   ]
  },
  {
   "cell_type": "code",
   "execution_count": 11,
   "metadata": {},
   "outputs": [],
   "source": [
    "#initialize number of clusters\n",
    "num_of_clusters=3"
   ]
  },
  {
   "cell_type": "code",
   "execution_count": 12,
   "metadata": {},
   "outputs": [],
   "source": [
    "#load data\n",
    "iris=sklearn.datasets.load_iris()\n",
    "\n",
    "#create dataframe\n",
    "df=pd.DataFrame(iris.data,columns=iris.feature_names)\n",
    "df['y']=iris.target\n",
    "\n",
    "xcols=iris.feature_names"
   ]
  },
  {
   "cell_type": "code",
   "execution_count": 13,
   "metadata": {},
   "outputs": [
    {
     "name": "stdout",
     "output_type": "stream",
     "text": [
      "11 iterations to reach convergence\n",
      "\n",
      "\n",
      "accuracy: 0.8266666666666667\n"
     ]
    }
   ],
   "source": [
    "#the accuracy entirely depends on the initial parameters\n",
    "#to obtain a better result\n",
    "#the initial parameters should be generated by kmeans centroids\n",
    "params,posterior=gmm(df,xcols,num_of_clusters,diagnosis=True)"
   ]
  },
  {
   "cell_type": "code",
   "execution_count": 14,
   "metadata": {},
   "outputs": [
    {
     "name": "stdout",
     "output_type": "stream",
     "text": [
      "21 iterations to reach convergence\n",
      "\n",
      "\n",
      "accuracy: 0.7933333333333333\n"
     ]
    }
   ],
   "source": [
    "#to level the playing field\n",
    "#we are using random initial parameters in sklearn\n",
    "miu,sigma,weight_gaussian,prob_gaussian= \\\n",
    "skl_gmm(df,xcols,num_of_clusters,diagnosis=True)"
   ]
  },
  {
   "cell_type": "code",
   "execution_count": 15,
   "metadata": {},
   "outputs": [
    {
     "name": "stdout",
     "output_type": "stream",
     "text": [
      "[matrix([[6.34566336, 2.69117865, 4.65639903, 1.42604722]]), matrix([[5.00600047, 3.41800633, 1.46399696, 0.24399536]]), matrix([[6.23731147, 2.92531664, 4.97953127, 1.74967111]])] \n",
      "\n",
      " [[5.00643417 3.41895944 1.46414004 0.24395071]\n",
      " [6.33706229 2.75777076 4.7208343  1.4549319 ]\n",
      " [6.20869174 2.9507588  5.03170952 1.82821899]]\n"
     ]
    }
   ],
   "source": [
    "#mean comparison\n",
    "print(params[0],'\\n\\n',miu)"
   ]
  },
  {
   "cell_type": "code",
   "execution_count": 16,
   "metadata": {},
   "outputs": [
    {
     "name": "stdout",
     "output_type": "stream",
     "text": [
      "[matrix([[0.5972294 , 0.15518434, 0.69576705, 0.23652063],\n",
      "        [0.15518434, 0.09356444, 0.08713168, 0.03193326],\n",
      "        [0.69576705, 0.08713168, 1.00283941, 0.33797981],\n",
      "        [0.23652063, 0.03193326, 0.33797981, 0.1180372 ]]), matrix([[0.1217665 , 0.09829383, 0.01581589, 0.01033596],\n",
      "        [0.09829383, 0.1422776 , 0.01144843, 0.01120899],\n",
      "        [0.01581589, 0.01144843, 0.02950382, 0.00558321],\n",
      "        [0.01033596, 0.01120899, 0.00558321, 0.01126321]]), matrix([[0.38446126, 0.11660657, 0.38406207, 0.15255519],\n",
      "        [0.11660657, 0.10186625, 0.14011125, 0.07591067],\n",
      "        [0.38406207, 0.14011125, 0.55444538, 0.24673037],\n",
      "        [0.15255519, 0.07591067, 0.24673037, 0.17266423]])] \n",
      "\n",
      " [[[0.12165003 0.09789092 0.01575831 0.0103692 ]\n",
      "  [0.09789092 0.14132624 0.01130043 0.01127142]\n",
      "  [0.01575831 0.01130043 0.0295072  0.00559648]\n",
      "  [0.0103692  0.01127142 0.00559648 0.01127162]]\n",
      "\n",
      " [[0.66476408 0.21259932 0.79844704 0.25057133]\n",
      "  [0.21259932 0.15321384 0.21893641 0.07731307]\n",
      "  [0.79844704 0.21893641 1.1101505  0.34993072]\n",
      "  [0.25057133 0.07731307 0.34993072 0.12005914]]\n",
      "\n",
      " [[0.2708727  0.06818641 0.22714043 0.12777632]\n",
      "  [0.06818641 0.06431195 0.06443197 0.05157534]\n",
      "  [0.22714043 0.06443197 0.34241551 0.19732414]\n",
      "  [0.12777632 0.05157534 0.19732414 0.16342201]]]\n"
     ]
    }
   ],
   "source": [
    "#covariance matrix comparison\n",
    "print(params[1],'\\n\\n',sigma)"
   ]
  },
  {
   "cell_type": "code",
   "execution_count": 17,
   "metadata": {},
   "outputs": [
    {
     "name": "stdout",
     "output_type": "stream",
     "text": [
      "[0.15179984298600832, 0.33332434790763266, 0.5148758091063591] \n",
      "\n",
      " [0.3330461  0.27302831 0.39392559]\n"
     ]
    }
   ],
   "source": [
    "#prior probability comparison\n",
    "print(params[2],'\\n\\n',weight_gaussian)"
   ]
  },
  {
   "cell_type": "code",
   "execution_count": 18,
   "metadata": {},
   "outputs": [
    {
     "name": "stdout",
     "output_type": "stream",
     "text": [
      "[[7.59503330e-009 9.99999992e-001 3.01930021e-015]\n",
      " [1.81383142e-005 9.99981862e-001 1.07351149e-010]\n",
      " [8.79724052e-007 9.99999120e-001 3.72887101e-012]\n",
      " [1.62687189e-008 9.99999983e-001 4.83046835e-010]\n",
      " [2.26613595e-012 1.00000000e+000 9.02214010e-016]\n",
      " [6.17736451e-014 1.00000000e+000 3.44514894e-017]\n",
      " [5.79753060e-013 1.00000000e+000 2.02982663e-012]\n",
      " [2.38906029e-009 9.99999998e-001 1.88652474e-013]\n",
      " [5.82770631e-006 9.99994163e-001 9.49346755e-009]\n",
      " [2.80928346e-008 9.99999972e-001 1.49186093e-010]\n",
      " [3.37217740e-010 1.00000000e+000 3.54860641e-017]\n",
      " [2.82282372e-014 1.00000000e+000 4.77517080e-012]\n",
      " [4.80132938e-007 9.99999520e-001 2.76440682e-010]\n",
      " [3.12385442e-006 9.99996875e-001 6.92304856e-010]\n",
      " [9.34249818e-009 9.99999991e-001 3.42662730e-023]\n",
      " [1.12236443e-020 1.00000000e+000 1.86394945e-025]\n",
      " [9.89687591e-010 9.99999999e-001 4.08007085e-020]\n",
      " [1.97626522e-007 9.99999802e-001 3.51715452e-015]\n",
      " [1.35982770e-008 9.99999986e-001 4.32039584e-017]\n",
      " [3.35251240e-016 1.00000000e+000 3.80620401e-017]\n",
      " [6.45833041e-008 9.99999935e-001 1.91465405e-012]\n",
      " [1.03407736e-011 1.00000000e+000 7.29228385e-016]\n",
      " [2.06939088e-012 1.00000000e+000 2.88376041e-015]\n",
      " [7.47819752e-004 9.99252180e-001 4.30702046e-010]\n",
      " [1.29635512e-020 9.99999995e-001 5.03105189e-009]\n",
      " [6.25411805e-006 9.99993744e-001 1.92120529e-009]\n",
      " [4.45867460e-007 9.99999554e-001 3.17288328e-012]\n",
      " [6.21959992e-009 9.99999994e-001 8.03357324e-015]\n",
      " [4.89348934e-007 9.99999511e-001 1.32987140e-014]\n",
      " [1.09367129e-010 1.00000000e+000 2.69639195e-010]\n",
      " [2.01405413e-007 9.99999798e-001 7.26330062e-010]\n",
      " [3.04613881e-005 9.99969539e-001 6.26825137e-014]\n",
      " [2.08343338e-030 1.00000000e+000 6.14661589e-020]\n",
      " [7.20740142e-020 1.00000000e+000 2.36777766e-023]\n",
      " [2.80928346e-008 9.99999972e-001 1.49186093e-010]\n",
      " [1.52200612e-005 9.99984780e-001 2.09101734e-013]\n",
      " [1.26499364e-007 9.99999874e-001 1.21273422e-016]\n",
      " [2.80928346e-008 9.99999972e-001 1.49186093e-010]\n",
      " [1.89608939e-006 9.99998103e-001 9.03682272e-010]\n",
      " [2.55147639e-008 9.99999974e-001 1.04677658e-013]\n",
      " [1.48873691e-007 9.99999851e-001 2.31368226e-015]\n",
      " [1.56505023e-008 9.99988353e-001 1.16316540e-005]\n",
      " [5.76654688e-011 1.00000000e+000 6.31670056e-011]\n",
      " [4.19113124e-008 9.99999958e-001 4.18626372e-011]\n",
      " [4.54454370e-022 1.00000000e+000 5.51659270e-013]\n",
      " [4.81195752e-004 9.99518804e-001 2.37894566e-010]\n",
      " [1.43790549e-020 1.00000000e+000 2.33098428e-016]\n",
      " [3.00502435e-009 9.99999997e-001 2.66607372e-011]\n",
      " [1.87541474e-011 1.00000000e+000 6.28673158e-017]\n",
      " [6.70203795e-007 9.99999330e-001 2.73289680e-013]\n",
      " [9.60759758e-001 8.22037625e-095 3.92402418e-002]\n",
      " [3.89460200e-004 6.62206147e-085 9.99610540e-001]\n",
      " [8.98651042e-001 2.69070582e-107 1.01348958e-001]\n",
      " [6.56267257e-001 4.02969510e-066 3.43732743e-001]\n",
      " [7.00928438e-001 5.23935229e-095 2.99071562e-001]\n",
      " [1.67855095e-010 1.34087185e-080 1.00000000e+000]\n",
      " [1.07040768e-012 1.87858665e-095 1.00000000e+000]\n",
      " [8.57022540e-002 1.97961088e-034 9.14297746e-001]\n",
      " [7.35660013e-001 2.28211642e-088 2.64339987e-001]\n",
      " [5.31366667e-012 6.42816938e-062 1.00000000e+000]\n",
      " [8.66705443e-001 1.67625210e-043 1.33294557e-001]\n",
      " [1.65617299e-007 4.69889584e-074 9.99999834e-001]\n",
      " [1.18113992e-007 1.08735124e-061 9.99999882e-001]\n",
      " [5.26052005e-006 2.17359694e-092 9.99994739e-001]\n",
      " [3.92901433e-004 1.06759189e-047 9.99607099e-001]\n",
      " [9.51129400e-001 1.54045257e-081 4.88706001e-002]\n",
      " [3.27308852e-021 3.62917212e-085 1.00000000e+000]\n",
      " [2.50327477e-004 3.52020610e-059 9.99749673e-001]\n",
      " [5.93274883e-006 1.63482574e-095 9.99994067e-001]\n",
      " [7.13838272e-001 6.69073946e-056 2.86161728e-001]\n",
      " [1.02982301e-028 1.49235521e-108 1.00000000e+000]\n",
      " [8.23463851e-001 1.02757189e-063 1.76536149e-001]\n",
      " [8.92766344e-001 5.73339489e-111 1.07233656e-001]\n",
      " [4.36062824e-007 5.30391568e-088 9.99999564e-001]\n",
      " [9.27685461e-001 1.88298825e-075 7.23145391e-002]\n",
      " [9.19078610e-001 4.26266748e-082 8.09213895e-002]\n",
      " [4.45141085e-001 2.42041765e-102 5.54858915e-001]\n",
      " [5.38804429e-002 2.67302288e-118 9.46119557e-001]\n",
      " [1.10718280e-005 5.71879855e-087 9.99988928e-001]\n",
      " [8.86848313e-001 7.93209162e-041 1.13151687e-001]\n",
      " [8.65351357e-001 1.86668660e-053 1.34648643e-001]\n",
      " [7.34413252e-001 1.05110414e-047 2.65586748e-001]\n",
      " [8.10485515e-001 2.19697965e-057 1.89514485e-001]\n",
      " [3.57659098e-008 4.10311483e-119 9.99999964e-001]\n",
      " [4.25097737e-030 4.76100464e-085 1.00000000e+000]\n",
      " [4.73154375e-024 2.07720384e-085 1.00000000e+000]\n",
      " [7.46092842e-001 1.18702105e-096 2.53907158e-001]\n",
      " [2.47487586e-005 9.16952055e-085 9.99975251e-001]\n",
      " [3.52636527e-012 3.29560969e-063 1.00000000e+000]\n",
      " [1.15238900e-001 5.36309873e-064 8.84761100e-001]\n",
      " [6.07451274e-009 5.13152938e-075 9.99999994e-001]\n",
      " [5.40689313e-007 5.07852998e-087 9.99999459e-001]\n",
      " [8.51654976e-001 6.35529563e-062 1.48345024e-001]\n",
      " [8.49919075e-001 5.59309308e-036 1.50080925e-001]\n",
      " [4.45953701e-005 1.41996534e-069 9.99955405e-001]\n",
      " [7.76977728e-012 3.30235857e-064 1.00000000e+000]\n",
      " [6.15785643e-008 5.87016947e-068 9.99999938e-001]\n",
      " [6.06994666e-001 9.07624155e-074 3.93005334e-001]\n",
      " [5.39140466e-002 4.02054397e-029 9.46085953e-001]\n",
      " [3.72390772e-004 3.02328273e-065 9.99627609e-001]\n",
      " [2.87587807e-062 9.71973334e-208 1.00000000e+000]\n",
      " [6.89440280e-018 1.75691351e-131 1.00000000e+000]\n",
      " [2.96762512e-005 9.81460322e-186 9.99970324e-001]\n",
      " [5.38193815e-015 1.35823200e-151 1.00000000e+000]\n",
      " [8.08222335e-022 4.84704466e-182 1.00000000e+000]\n",
      " [5.13732027e-001 1.82335257e-233 4.86267973e-001]\n",
      " [1.72716771e-029 5.15845271e-097 1.00000000e+000]\n",
      " [1.03899290e-002 1.47695159e-199 9.89610071e-001]\n",
      " [9.48886443e-001 3.74550716e-171 5.11135569e-002]\n",
      " [7.95406170e-036 2.58927119e-212 1.00000000e+000]\n",
      " [3.19950113e-017 3.66167329e-133 1.00000000e+000]\n",
      " [1.80671175e-005 1.83777039e-143 9.99981933e-001]\n",
      " [2.58504543e-010 4.77302472e-162 1.00000000e+000]\n",
      " [1.97213615e-017 1.15222903e-133 1.00000000e+000]\n",
      " [7.56059377e-048 6.10242295e-160 1.00000000e+000]\n",
      " [3.47132858e-035 1.96737060e-159 1.00000000e+000]\n",
      " [1.28002417e-010 3.97822766e-146 1.00000000e+000]\n",
      " [1.71437610e-026 1.32018987e-232 1.00000000e+000]\n",
      " [9.79932387e-001 1.03540937e-272 2.00676131e-002]\n",
      " [9.63888494e-001 2.71453730e-117 3.61115064e-002]\n",
      " [1.46267777e-020 1.09716096e-181 1.00000000e+000]\n",
      " [1.28641903e-030 1.95755189e-126 1.00000000e+000]\n",
      " [9.81168434e-001 2.50170709e-241 1.88315665e-002]\n",
      " [4.45634447e-005 1.61492361e-119 9.99955437e-001]\n",
      " [8.59575847e-023 3.04168016e-168 1.00000000e+000]\n",
      " [1.38181939e-006 6.50133625e-176 9.99998618e-001]\n",
      " [1.38137233e-007 1.53064211e-113 9.99999862e-001]\n",
      " [9.92913466e-015 2.01733985e-115 1.00000000e+000]\n",
      " [1.33370187e-013 1.10485311e-167 1.00000000e+000]\n",
      " [5.94042603e-003 4.82978903e-160 9.94059574e-001]\n",
      " [9.66096399e-001 3.42120051e-195 3.39036013e-002]\n",
      " [7.31593091e-012 6.24802239e-205 1.00000000e+000]\n",
      " [2.33536229e-017 3.01373719e-173 1.00000000e+000]\n",
      " [1.09553100e-004 5.79474272e-116 9.99890447e-001]\n",
      " [3.82451250e-017 1.76476225e-139 1.00000000e+000]\n",
      " [7.25991629e-008 4.03550873e-213 9.99999927e-001]\n",
      " [5.19828566e-057 2.48360832e-178 1.00000000e+000]\n",
      " [9.81235514e-018 1.79511968e-144 1.00000000e+000]\n",
      " [9.28227316e-017 9.06224145e-111 1.00000000e+000]\n",
      " [7.36169879e-011 4.07018490e-156 1.00000000e+000]\n",
      " [1.18966670e-028 5.09619963e-183 1.00000000e+000]\n",
      " [4.28252406e-026 5.65429716e-153 1.00000000e+000]\n",
      " [6.89440280e-018 1.75691351e-131 1.00000000e+000]\n",
      " [7.77707145e-024 3.24509456e-192 1.00000000e+000]\n",
      " [4.26298749e-041 2.84031913e-192 1.00000000e+000]\n",
      " [4.88459190e-025 3.93191589e-158 1.00000000e+000]\n",
      " [1.04470428e-006 5.55147133e-131 9.99998955e-001]\n",
      " [2.07095945e-012 2.18669340e-140 1.00000000e+000]\n",
      " [4.12730342e-054 1.01048986e-161 1.00000000e+000]\n",
      " [8.90678363e-025 4.27492507e-124 1.00000000e+000]] \n",
      "\n",
      " [[1.00000000e+000 4.33558119e-010 3.22383094e-017]\n",
      " [9.99999597e-001 4.02781505e-007 2.78911694e-013]\n",
      " [9.99999893e-001 1.06535106e-007 9.65726873e-015]\n",
      " [9.99999826e-001 1.74168713e-007 3.23269731e-012]\n",
      " [1.00000000e+000 1.81980038e-010 9.44609062e-018]\n",
      " [9.99999999e-001 5.36599724e-010 6.66740125e-019]\n",
      " [9.99999763e-001 2.36501587e-007 6.65298585e-015]\n",
      " [9.99999998e-001 1.60043034e-009 2.68548398e-015]\n",
      " [9.99995505e-001 4.49496227e-006 1.69460285e-011]\n",
      " [9.99999995e-001 5.05218690e-009 1.94188873e-012]\n",
      " [1.00000000e+000 1.06503291e-011 8.95476159e-019]\n",
      " [9.99999998e-001 2.09678775e-009 9.84723505e-014]\n",
      " [9.99999968e-001 3.15248762e-008 1.44729252e-012]\n",
      " [9.99997401e-001 2.59923555e-006 4.65135425e-013]\n",
      " [1.00000000e+000 8.16724162e-014 5.14011662e-025]\n",
      " [1.00000000e+000 7.08753093e-014 1.15783653e-027]\n",
      " [1.00000000e+000 1.49917069e-010 1.66423797e-022]\n",
      " [9.99999994e-001 6.45402172e-009 2.09160739e-017]\n",
      " [1.00000000e+000 4.65057239e-011 2.06178673e-018]\n",
      " [1.00000000e+000 1.67603365e-010 3.92149292e-019]\n",
      " [9.99999999e-001 1.46956102e-009 8.31915975e-014]\n",
      " [9.99999989e-001 1.11698111e-008 4.58384548e-018]\n",
      " [9.99999886e-001 1.13974103e-007 2.11220527e-018]\n",
      " [9.99917130e-001 8.28700722e-005 2.58732471e-012]\n",
      " [9.99999997e-001 2.72695114e-009 3.77677541e-010]\n",
      " [9.99999614e-001 3.85568110e-007 1.68821882e-011]\n",
      " [9.99999176e-001 8.23560603e-007 2.30973284e-014]\n",
      " [1.00000000e+000 2.67621945e-010 1.49040428e-016]\n",
      " [9.99999999e-001 1.16252820e-009 1.31493642e-016]\n",
      " [9.99999967e-001 3.29581072e-008 4.10347262e-012]\n",
      " [9.99999893e-001 1.07240917e-007 8.86201378e-012]\n",
      " [9.99999899e-001 1.01079956e-007 3.86235433e-016]\n",
      " [1.00000000e+000 3.35719533e-015 9.36797640e-022]\n",
      " [1.00000000e+000 1.10591314e-014 2.61089212e-025]\n",
      " [9.99999995e-001 5.05218690e-009 1.94188873e-012]\n",
      " [9.99999943e-001 5.73876202e-008 3.30954422e-016]\n",
      " [1.00000000e+000 1.56576142e-010 1.16205408e-018]\n",
      " [9.99999995e-001 5.05218690e-009 1.94188873e-012]\n",
      " [9.99996974e-001 3.02604887e-006 1.14758573e-012]\n",
      " [9.99999999e-001 1.27878939e-009 1.58736342e-015]\n",
      " [9.99999987e-001 1.33950887e-008 7.17950621e-018]\n",
      " [9.59528982e-001 4.04710181e-002 7.74886544e-011]\n",
      " [9.99999588e-001 4.12007587e-007 1.44250749e-013]\n",
      " [9.99890590e-001 1.09409560e-004 9.66275803e-014]\n",
      " [9.99999975e-001 2.49849090e-008 1.53880426e-014]\n",
      " [9.99992935e-001 7.06510110e-006 2.91253615e-013]\n",
      " [1.00000000e+000 5.31224648e-012 5.53304906e-018]\n",
      " [9.99999915e-001 8.51472607e-008 1.24195861e-013]\n",
      " [1.00000000e+000 1.37516790e-011 1.41403245e-018]\n",
      " [9.99999993e-001 7.26517118e-009 1.91782132e-015]\n",
      " [4.14421177e-094 9.06916898e-001 9.30831016e-002]\n",
      " [2.76392345e-085 6.53884023e-001 3.46115977e-001]\n",
      " [7.64651597e-107 8.64469876e-001 1.35530124e-001]\n",
      " [5.58891420e-066 9.37646606e-001 6.23533939e-002]\n",
      " [8.69546665e-095 7.07014343e-001 2.92985657e-001]\n",
      " [1.12150263e-080 7.93449357e-002 9.20655064e-001]\n",
      " [1.67899274e-095 3.42724005e-001 6.57275995e-001]\n",
      " [1.18008160e-034 9.56443658e-001 4.35563421e-002]\n",
      " [3.87293838e-088 7.84378072e-001 2.15621928e-001]\n",
      " [1.52278963e-061 1.17664870e-001 8.82335130e-001]\n",
      " [1.79555409e-043 9.97085386e-001 2.91461444e-003]\n",
      " [4.95360155e-074 2.24334066e-001 7.75665934e-001]\n",
      " [7.21808565e-062 9.57119196e-001 4.28808041e-002]\n",
      " [1.71715551e-092 3.47270232e-001 6.52729768e-001]\n",
      " [7.95071816e-048 8.09364280e-001 1.90635720e-001]\n",
      " [6.37968753e-081 8.53040785e-001 1.46959215e-001]\n",
      " [3.13638924e-085 2.64627967e-002 9.73537203e-001]\n",
      " [4.85459015e-059 6.92404549e-002 9.30759545e-001]\n",
      " [8.91761220e-096 9.59245972e-001 4.07540281e-002]\n",
      " [1.28545927e-055 8.20205114e-001 1.79794886e-001]\n",
      " [1.58562907e-108 1.17149921e-003 9.98828501e-001]\n",
      " [1.71447020e-063 8.69628457e-001 1.30371543e-001]\n",
      " [1.72400462e-110 8.71289461e-001 1.28710539e-001]\n",
      " [8.32736257e-088 5.31225554e-002 9.46877445e-001]\n",
      " [6.59728627e-075 8.45624475e-001 1.54375525e-001]\n",
      " [1.34723416e-081 8.24737626e-001 1.75262374e-001]\n",
      " [1.54013686e-102 8.73318022e-001 1.26681978e-001]\n",
      " [2.39548696e-118 3.66381515e-001 6.33618485e-001]\n",
      " [4.42804950e-087 3.00924234e-001 6.99075766e-001]\n",
      " [1.20878250e-040 9.70984911e-001 2.90150893e-002]\n",
      " [5.08507838e-053 9.30515661e-001 6.94843389e-002]\n",
      " [2.06227293e-047 9.05655076e-001 9.43449244e-002]\n",
      " [3.59917593e-057 8.75072303e-001 1.24927697e-001]\n",
      " [3.58652365e-119 1.80200951e-001 8.19799049e-001]\n",
      " [3.82784972e-085 4.81106049e-003 9.95188940e-001]\n",
      " [2.82297405e-085 1.27342108e-001 8.72657892e-001]\n",
      " [1.46078331e-096 7.85588760e-001 2.14411240e-001]\n",
      " [1.76761162e-085 9.79389757e-001 2.06102433e-002]\n",
      " [2.73618359e-063 2.69673505e-001 7.30326495e-001]\n",
      " [4.64017339e-064 7.68181800e-001 2.31818200e-001]\n",
      " [4.46635100e-075 3.92584404e-002 9.60741560e-001]\n",
      " [3.64149801e-087 3.88548827e-001 6.11451173e-001]\n",
      " [1.53163377e-061 8.66077548e-001 1.33922452e-001]\n",
      " [9.25327706e-036 9.89398154e-001 1.06018455e-002]\n",
      " [1.15209059e-069 3.80697731e-001 6.19302269e-001]\n",
      " [2.92421166e-064 1.38226132e-001 8.61773868e-001]\n",
      " [4.37651434e-068 3.26244245e-001 6.73755755e-001]\n",
      " [7.78538610e-074 7.64590228e-001 2.35409772e-001]\n",
      " [1.28055288e-029 9.96427830e-001 3.57217049e-003]\n",
      " [1.97417315e-065 5.47027676e-001 4.52972324e-001]\n",
      " [1.42762194e-207 5.93491182e-011 1.00000000e+000]\n",
      " [1.39301855e-131 3.90284200e-004 9.99609716e-001]\n",
      " [2.36033342e-185 5.64436829e-002 9.43556317e-001]\n",
      " [2.13792464e-151 1.34424935e-001 8.65575065e-001]\n",
      " [5.41326313e-182 5.39500691e-005 9.99946050e-001]\n",
      " [5.54857025e-234 9.97753610e-001 2.24639025e-003]\n",
      " [6.09885334e-097 6.86365792e-005 9.99931363e-001]\n",
      " [3.62192907e-200 9.96547617e-001 3.45238339e-003]\n",
      " [1.14973271e-170 9.68399372e-001 3.16006284e-002]\n",
      " [8.47859478e-212 6.12918163e-008 9.99999939e-001]\n",
      " [3.31769634e-133 1.32843152e-004 9.99867157e-001]\n",
      " [2.19262716e-143 2.45561146e-002 9.75443885e-001]\n",
      " [4.84809204e-162 2.51959689e-004 9.99748040e-001]\n",
      " [1.60844407e-133 9.43144930e-006 9.99990569e-001]\n",
      " [8.78283201e-160 1.05673796e-015 1.00000000e+000]\n",
      " [1.50445049e-159 2.52201579e-010 1.00000000e+000]\n",
      " [5.81463624e-146 2.64662915e-001 7.35337085e-001]\n",
      " [1.30769282e-232 9.99476725e-001 5.23275177e-004]\n",
      " [5.75765301e-272 9.98196271e-001 1.80372922e-003]\n",
      " [1.16500806e-116 9.57928822e-001 4.20711780e-002]\n",
      " [1.03133706e-181 4.48959992e-007 9.99999551e-001]\n",
      " [1.86638435e-126 5.64498846e-007 9.99999436e-001]\n",
      " [2.96399726e-241 9.99895911e-001 1.04088802e-004]\n",
      " [2.16432581e-119 1.82162467e-002 9.81783753e-001]\n",
      " [6.76228758e-168 2.65997920e-003 9.97340021e-001]\n",
      " [3.83054855e-176 9.78702972e-001 2.12970279e-002]\n",
      " [1.76756930e-113 5.71950424e-003 9.94280496e-001]\n",
      " [1.82889750e-115 5.25237490e-003 9.94747625e-001]\n",
      " [1.06410962e-167 3.22551588e-004 9.99677448e-001]\n",
      " [4.54168167e-160 9.63796901e-001 3.62030989e-002]\n",
      " [1.40059627e-194 9.91616323e-001 8.38367682e-003]\n",
      " [6.43904432e-206 9.99913362e-001 8.66380339e-005]\n",
      " [2.53058033e-173 4.36061366e-006 9.99995639e-001]\n",
      " [5.33659474e-116 4.70930444e-001 5.29069556e-001]\n",
      " [6.90564679e-139 5.74144897e-003 9.94258551e-001]\n",
      " [9.66502035e-213 2.29993146e-004 9.99770007e-001]\n",
      " [3.29089187e-178 7.94111482e-011 1.00000000e+000]\n",
      " [3.39396482e-144 1.34204494e-001 8.65795506e-001]\n",
      " [8.32952451e-111 2.09667390e-003 9.97903326e-001]\n",
      " [3.71936235e-156 8.62584162e-005 9.99913742e-001]\n",
      " [3.31227830e-183 9.78070655e-011 1.00000000e+000]\n",
      " [3.40407917e-153 3.02279444e-012 1.00000000e+000]\n",
      " [1.39301855e-131 3.90284200e-004 9.99609716e-001]\n",
      " [4.70293747e-192 7.90135252e-006 9.99992099e-001]\n",
      " [2.13335405e-192 1.47043119e-012 1.00000000e+000]\n",
      " [2.77289532e-158 2.48660113e-011 1.00000000e+000]\n",
      " [1.20864558e-130 3.17918553e-003 9.96820814e-001]\n",
      " [1.93735695e-140 2.70200939e-004 9.99729799e-001]\n",
      " [1.33769705e-161 1.06572516e-009 9.99999999e-001]\n",
      " [3.66688342e-124 2.81100846e-003 9.97188992e-001]]\n"
     ]
    }
   ],
   "source": [
    "#posterior probability comparison\n",
    "print(np.concatenate(\n",
    "    [posterior[i].reshape(-1,1) for i in posterior],\n",
    "    axis=1),'\\n\\n',prob_gaussian)"
   ]
  },
  {
   "cell_type": "code",
   "execution_count": 19,
   "metadata": {},
   "outputs": [],
   "source": [
    "#use pca to reduce dimensions\n",
    "dims=2\n",
    "x=sklearn.decomposition.PCA(n_components=dims).fit_transform(df[xcols])\n",
    "\n",
    "df['dim1']=x[:,0]\n",
    "df['dim2']=x[:,1]"
   ]
  },
  {
   "cell_type": "code",
   "execution_count": 20,
   "metadata": {},
   "outputs": [],
   "source": [
    "#prepare labels for viz\n",
    "df['skl']=np.argmax(prob_gaussian,axis=1)\n",
    "\n",
    "df['gmm']=np.argmax(\n",
    "    np.concatenate(\n",
    "        [posterior[i].reshape(-1,1) for i in posterior],\n",
    "        axis=1),axis=1)"
   ]
  },
  {
   "cell_type": "code",
   "execution_count": 21,
   "metadata": {},
   "outputs": [
    {
     "data": {
